0	36.4756	0	
-109.819	35.965	0	
-219.432	35.4188	0	
-327.041	34.8206	0	
-430.866	34.1479	0	
-529.195	33.3695	0	
-620.44	32.4396	0	
-703.186	31.2877	0	
-776.226	29.8021	0	
-838.597	27.805	0	
-889.6	25.0468	0	
-928.804	21.4219	0	
-956.047	18.7158	0	
-971.421	22.179	0	
-975.245	25.0226	0	
-968.037	27.0689	0	
-950.481	28.5504	0	
-923.383	29.6665	0	
-887.636	30.5434	0	
-844.185	31.2591	0	
-793.992	31.863	0	
-738.008	32.3874	0	
-677.152	32.8546	0	
-612.289	33.2807	0	
-544.224	33.6775	0	
-473.687	34.0544	0	
-401.337	34.4193	0	
-327.759	34.7789	0	
-253.465	35.1397	0	
-178.909	35.5082	0	
-104.484	35.8914	0	
-30.5391	36.2976	0	
42.6133	36.7368	1	
114.688	37.2218	1	
185.415	37.7703	1	
254.53	38.4073	1	
321.767	39.17	1	
386.843	40.1171	1	
449.457	41.3469	1	
509.277	43.0372	1	
565.938	45.5444	1	
619.034	49.6892	1	
668.119	57.7938	1	
712.704	79.1151	1	
752.259	197.556	1	
786.218	236.182	1	
813.989	87.578	1	
834.959	63.3589	1	
848.516	54.2148	1	
854.058	49.5246	1	
851.019	46.6745	1	
838.89	44.7434	1	
817.245	43.3305	1	
785.764	42.2353	1	
744.263	41.3467	1	
692.719	40.5979	1	
631.287	39.9464	1	
560.328	39.3631	1	
480.411	38.8273	1	
392.331	38.3234	1	
297.098	37.8386	1	
195.932	37.3619	1	
90.2417	36.8831	1	
-18.4041	36.3916	0	
